0
7
0
1
104565
42
52
47
2709
3293
2976
94
47
0
0
29
1
0
1
0
6
95
2
0
4
0
3
85
2
0
4
0
3
94
0
0
4
0
3
54
0
0
1
0
6
35
0
0
1
0
6
64
0
0
1
0
6
67
0
0
1
0
6
44
0
0
1
0
6
39
0
0
1
0
6
87
2
0
4
0
3
49
1
0
1
0
6
35
2
0
1
0
6
43
1
0
1
0
6
81
0
0
4
0
3
46
0
0
1
0
6
63
0
0
1
0
6
54
0
0
1
0
6
48
1
0
1
0
6
64
2
0
1
0
6
63
1
0
1
0
6
48
2
0
1
0
6
63
1
0
1
0
6
34
1
0
1
0
6
46
1
0
1
0
6
56
2
0
1
0
6
87
1
0
4
0
3
86
2
0
4
0
3
99
1
0
4
0
3
88
1
0
4
0
3
89
1
0
4
0
3
92
2
0
4
0
3
86
2
0
4
0
3
85
2
0
4
0
3
83
2
0
4
0
3
98
1
0
4
0
3
87
1
0
4
0
3
83
2
0
4
0
3
99
1
0
4
0
3
87
0
0
4
0
3
48
0
0
1
0
6
56
0
0
1
0
6
99
1
0
4
0
3
63
1
0
1
0
6
43
2
0
1
0
6
50
2
0
1
0
6
31
2
0
1
0
6
88
1
0
4
0
3
92
2
0
4
0
3
88
0
0
4
0
3
47
0
0
1
0
6
39
0
0
1
0
6
51
0
0
1
0
6
87
2
0
4
0
3
68
2
0
1
0
6
98
0
0
4
0
3
46
0
0
1
0
6
40
0
0
1
0
6
45
0
0
1
0
6
56
1
0
1
0
6
62
2
0
1
0
6
53
2
0
1
0
6
88
2
0
4
0
3
68
1
0
1
0
6
41
1
0
1
0
6
92
1
0
4
0
3
66
2
0
1
0
6
53
2
0
1
0
6
48
1
0
1
0
6
48
1
0
1
0
6
85
2
0
4
0
3
61
1
0
1
0
6
63
1
0
1
0
6
88
2
0
4
0
3
59
1
0
1
0
6
45
2
0
1
0
6
54
0
0
1
0
6
87
2
0
4
0
3
68
1
0
1
0
6
38
1
0
1
0
6
51
0
0
1
0
6
67
0
0
1
0
6
97
0
0
4
0
3
31
1
0
1
0
6
63
1
0
1
0
6
57
1
0
1
0
6
41
2
0
1
0
6
82
0
0
4
0
3
58
0
0
1
0
6
32
1
0
1
0
6
61
2
0
1
0
6
64
1
0
1
0
6
55
2
0
1
0
6
48
2
0
1
0
6
87
0
0
4
0
3
91
0
0
4
0
3
82
1
0
4
0
3
55
2
0
1
0
6
40
1
0
1
0
6
51
2
0
1
0
6
44
1
0
1
0
6
89
2
0
4
0
3
45
2
0
1
0
6
46
2
0
1
0
6
44
1
0
1
0
6
83
0
0
4
0
3
49
0
0
1
0
6
92
0
0
4
0
3
34
2
0
1
0
6
71
1
0
1
0
6
56
1
0
1
0
6
85
0
0
4
0
3
64
0
0
1
0
6
44
2
0
1
0
6
66
1
0
1
0
6
40
2
0
1
0
6
58
1
0
1
0
6
33
2
0
1
0
6
53
1
0
1
0
6
33
0
0
1
0
6
69
0
0
1
0
6
87
0
0
4
0
3
92
0
0
4
0
3
89
2
0
4
0
3
47
2
0
1
0
6
42
1
0
1
0
6
52
2
0
1
0
6
84
1
0
4
0
3
71
1
0
1
0
6
39
2
0
1
0
6
45
1
0
1
0
6
89
0
0
4
0
3
58
0
0
1
0
6
35
0
0
1
0
6
40
2
0
1
0
6
70
1
0
1
0
6
81
1
0
4
0
3
72
1
0
1
0
6
84
2
0
4
0
3
69
1
0
1
0
6
84
1
0
4
0
3

