20
7
1
10
589263
41
27
32
4706
3147
3613
0
100
0
0
127
2
20
4
0
3
107
0
20
4
0
3
111
2
20
4
0
3
123
0
20
4
0
3
111
0
20
4
0
3
101
1
20
4
0
3
101
2
20
4
0
3
110
0
20
4
0
3
107
2
20
4
0
3
118
2
20
4
0
3
115
2
20
4
0
3
102
2
20
4
0
3
129
0
20
4
0
3
108
0
20
4
0
3
128
1
20
4
0
3
101
2
20
4
0
3
127
1
20
4
0
3
128
2
20
4
0
3
103
2
20
4
0
3
129
1
20
4
0
3
102
0
20
4
0
3
102
2
20
4
0
3
101
2
20
4
0
3
110
0
20
4
0
3
108
0
20
4
0
3
121
0
20
4
0
3
122
2
20
4
0
3
125
0
20
4
0
3
128
2
20
4
0
3
112
2
20
4
0
3
117
1
20
4
0
3
129
0
20
4
0
3
127
2
20
4
0
3
104
0
20
4
0
3
115
2
20
4
0
3
114
1
20
4
0
3
107
0
20
4
0
3
110
0
20
4
0
3
124
1
20
4
0
3
116
1
20
4
0
3
103
0
20
4
0
3
116
0
20
4
0
3
114
1
20
4
0
3
125
0
20
4
0
3
115
1
20
4
0
3
117
0
20
4
0
3
118
2
20
4
0
3
121
2
20
4
0
3
123
2
20
4
0
3
104
2
20
4
0
3
125
1
20
4
0
3
108
2
20
4
0
3
107
0
20
4
0
3
124
1
20
4
0
3
115
2
20
4
0
3
108
2
20
4
0
3
124
0
20
4
0
3
113
1
20
4
0
3
125
1
20
4
0
3
114
1
20
4
0
3
116
0
20
4
0
3
118
2
20
4
0
3
119
1
20
4
0
3
107
2
20
4
0
3
124
0
20
4
0
3
106
0
20
4
0
3
106
0
20
4
0
3
115
1
20
4
0
3
127
0
20
4
0
3
125
0
20
4
0
3
124
2
20
4
0
3
103
0
20
4
0
3
117
0
20
4
0
3
105
2
20
4
0
3
116
1
20
4
0
3
103
1
20
4
0
3
117
2
20
4
0
3
116
0
20
4
0
3
106
1
20
4
0
3
113
1
20
4
0
3
119
0
20
4
0
3
123
0
20
4
0
3
116
0
20
4
0
3
113
1
20
4
0
3
123
0
20
4
0
3
122
0
20
4
0
3
115
1
20
4
0
3
127
1
20
4
0
3
113
0
20
4
0
3
102
1
20
4
0
3
123
0
20
4
0
3
101
2
20
4
0
3
106
1
20
4
0
3
108
0
20
4
0
3
118
2
20
4
0
3
126
1
20
4
0
3
106
2
20
4
0
3
109
0
20
4
0
3
105
0
20
4
0
3
109
0
20
4
0
3

